41.81914252515727, -71.40051315808277
41.81927965064986, -71.39961945009512
41.818329560849165, -71.399816591563
41.81858422547745, -71.39917259610128
41.81948533833822, -71.39827888811362
41.81903478349282, -71.398213174291
41.81839812450256, -71.39892288357531
41.81853525158913, -71.39779260582621
41.81875073641763, -71.3980028900586
41.81907396230086, -71.3968200412514
41.81950492760742, -71.3969251833676
41.81944615978185, -71.39825260258456
41.8190935516959, -71.39683318401592
41.818652788858174, -71.39678061295783
41.81956369537904, -71.39618918855423
41.81918170389941, -71.39609718920256
41.81875073641763, -71.39599204708637
41.81982814968397, -71.39540062268276
41.81933841862822, -71.39516405292132
41.81891724692484, -71.39492748315988
41.82006321926043, -71.39458577128222
41.81962246309672, -71.3943492015208
41.81906416760109, -71.39412577452389
41.81925026664043, -71.39316635271359
41.820200342781526, -71.39392863305602
41.820151370129146, -71.39362634947194
41.820170959194584, -71.3929034974231
41.81972040917307, -71.39275892701333
41.820268904431984, -71.39178636243851
41.81956369537904, -71.39169436308684
41.820317876994494, -71.39126065185754
41.81955390075416, -71.39110293868325
41.81962246309672, -71.39060351363132
41.82036684951955, -71.39072179851203
41.82039623301662, -71.39015665963748
41.81982814968397, -71.39005151752129
41.82044520548177, -71.38960466352745
41.819681230741644, -71.38951266416142
41.81898580993019, -71.3896703773357
41.81858422545859, -71.38931552269355
41.81815325395596, -71.38947323586784
41.81869196788109, -71.38973609115834
41.818760531146474, -71.39069551296862
41.81810427973806, -71.38990694709715
41.818251202279406, -71.39081379784933
41.818163048795036, -71.3894995213969
41.81800633118988, -71.38924980887093
41.818339355642436, -71.38890809699329
41.818574430683924, -71.38885552593518
41.817914958439225, -71.38851122250145
41.8179780502786, -71.39090579684589
41.818383639190486, -71.39323990214122
41.81824844317194, -71.39427996978576
41.817878905931664, -71.3961303226883
41.81676126813079, -71.39823464559703
41.81747331382322, -71.39900864942554
41.81690548055593, -71.40009709230937
41.81772568254816, -71.40078643946913
41.81814929924361, -71.4000003418308
41.81868106942662, -71.40180231949404
41.819014550169896, -71.40096784661644
41.81655719137514, -71.40084720329554
41.81580949347661, -71.40024526296853
41.816144178376994, -71.39941401204074
41.81673521339772, -71.39828656825362
41.819915558981585, -71.4026185891502
41.81942448293223, -71.40311615901733
41.8201560846522, -71.40298168067486
41.820416653109206, -71.40166379291864
41.81977525192318, -71.40109898388026
41.820436696792754, -71.40073589235558
41.820496827805734, -71.39986178312951
41.82056698058287, -71.39836907352807
41.81996566857079, -71.39830183435684
41.820747373085446, -71.39590811986085
41.82092776507982, -71.39500711496629
41.82082754736793, -71.3954374456622
41.82136872114898, -71.39570640234714
41.821468938013915, -71.39526262381698
41.82164932797559, -71.39477850178409
41.82191991196525, -71.39491298012656
41.82205019273768, -71.39445575376214
41.82177960929853, -71.39385060122103
41.822150408544594, -71.39387749676376
41.82232567341775, -71.39208266336482
41.82164941153208, -71.39197954224252
41.82149059141723, -71.39379447399516
41.82180823125311, -71.38977275016391
41.82115986051127, -71.38973196739893
41.820450697495254, -71.389609619104
41.82187914641596, -71.38910663160982
41.82318760708461, -71.39002235233615
41.823136603538195, -71.39092921101043
41.82379964647245, -71.39100620844505
41.82387615098457, -71.39011646031179
41.823694069954776, -71.39227904150007
41.82352786636599, -71.39416087235928
41.82288382338449, -71.39434208570127
41.82263451468471, -71.39683725402568
41.82258382347594, -71.39682703941222
41.82242438756442, -71.3985519825062
41.82235463422829, -71.39996937760668
41.82297883108524, -71.40000949256233
41.82283368594114, -71.4014854734119
41.82284459589765, -71.40267132190387
41.823761025606956, -71.40265668179903
41.82535383650941, -71.40274452242807
41.82563748360944, -71.3990552160086
41.82489563469334, -71.39895123680736
41.82505322782738, -71.39726411430979
41.82510364491972, -71.3954373693558
41.82286004588508, -71.40147577628703
41.823758753893685, -71.4026785919071
41.82459937207654, -71.4027112890602
41.82458718928314, -71.40408456949089
41.82533033543835, -71.40272763763677
41.825537440206986, -71.40038979118928
41.82585418738084, -71.39546886964597
41.825086681911635, -71.39545252106942
41.825111047306045, -71.39393210344971
41.82565926622854, -71.39264056590181
41.82636585258221, -71.39267326305492
41.82654711331375, -71.39048747136744
41.825859850632405, -71.3903920622217
41.82603759168828, -71.38840437168535
41.824366806281844, -71.39237975275802
41.826926289639275, -71.40475113866006
41.82708032935033, -71.40303377403667
41.82731731279745, -71.40053723472306
41.827412105930655, -71.39931281735267
41.82761354087273, -71.39726152071917
41.82761354087273, -71.39543284542574
41.82766093723757, -71.39389039756955
41.82781497518099, -71.39292683090363
41.828033849497025, -71.39173295464548
41.82832332728181, -71.39188455797985
41.82818334808806, -71.39077905633593
41.828618120729324, -71.38837659618717
41.82811489254656, -71.38553813955104
41.8276153700553, -71.38282531304407
41.82682301870085, -71.38503636745126
41.826810441616146, -71.38598155101465
41.82740156192571, -71.38576213340173
41.827980099922435, -71.38854704925814
41.827414138894284, -71.38863144064771
41.827451869785165, -71.38800694436476
41.82950063053227, -71.38500840524567
41.828778645387416, -71.38529338450371
41.8285025900919, -71.3838969861393
41.828927290053464, -71.383797243399
41.829305046858806, -71.38400938994032
41.829322238008935, -71.38819912253832
41.8300633790259, -71.3879628941307
41.83021160619959, -71.38791316183435
41.830823039663166, -71.38464326334991
41.83010970005455, -71.38480489331303
41.830582172632276, -71.38221881390328
41.82971133811273, -71.38234314464414
41.82905357227126, -71.38261667227401
41.82919253744876, -71.37986896290116
41.828812698582325, -71.38016735667921
41.828664468169436, -71.38092577419842
41.827515670832, -71.38147282945816
41.82686424976681, -71.38161984876659
41.826814471466434, -71.38598903153952
41.826814471466434, -71.38499355019165
41.82794819368433, -71.38461269929226
41.827630923995955, -71.38270032735416
41.828004669181006, -71.39740048386561
41.827929346498124, -71.39819471403759
41.82832747967522, -71.39828135732908
41.82818759532758, -71.3994366012156
41.82779992830905, -71.3993949052499
41.827692030720904, -71.40062012932495
41.828098720681055, -71.40067582132836
41.827882926330055, -71.4031596846805
41.82706954108447, -71.40303716227301
41.82746793514906, -71.40311513107777
41.82734343727019, -71.40477475277943
41.82731853766536, -71.40518687360468
41.82751773422672, -71.40763732202124
41.828613304268835, -71.4082387956581
41.828696301235325, -71.40737000040487
41.8287129006157, -71.40701357158304
41.82908638553642, -71.40744796920964
41.828862294845486, -71.40680194197007
41.82874609936355, -71.40677966516871
41.82890379318076, -71.40498638265886
41.8289950894237, -71.4033935913613
41.82831451429856, -71.40325993055312
41.827882926323944, -71.4032042385497
41.82855520632828, -71.40074265199893
41.82914448299493, -71.40078720560166
41.82923577889461, -71.39960653512934
41.82822321708503, -71.39949515112251
41.829418370350254, -71.39820309640909
41.829808450251456, -71.39596427787195
41.829932943336594, -71.39514003622146
41.828903793227674, -71.39481702260169
41.82980015070386, -71.39594200107058
41.8287617343538, -71.39567063381688
41.8293687931458, -71.3921771181
41.829986135155174, -71.39234281843336
41.830181625550345, -71.39119672446093
41.82960744032904, -71.39098209174612
41.829916339608275, -71.38933297997808
41.8300478410801, -71.38799413428302
41.831106580399535, -71.38815067382065
41.83082843871491, -71.38966790318537
41.83144752662231, -71.38982444272301
41.83114246956115, -71.39151025312827
41.832021747734764, -71.39179924919773
41.832335772726815, -71.39019772931275
41.83263185202255, -71.38860825093064
41.83296381808917, -71.39039039335906
41.83263185202255, -71.39202803775272
41.83232680060557, -71.39360547463193
41.83089124500739, -71.39281073544088
41.83292792994876, -71.39395467821588
41.833224006522904, -71.39224478480484
41.83353802561671, -71.39060714041115
41.83385204316993, -71.38902970353196
41.83423568282857, -71.38710595015434
41.83363117830678, -71.38690966133879
41.83396268149347, -71.38514306199892
41.83413818248543, -71.38421396160535
41.83535692614956, -71.38467196886245
41.83546417447665, -71.38416161794203
41.83647814977819, -71.38451493781
41.836419651639766, -71.38501220280938
41.83625390662387, -71.38594130320294
41.83808682763143, -71.38637313859714
41.83795033532291, -71.38724989530655
41.83609791092267, -71.38680497399133
41.83783334168389, -71.38815282385805
41.83589316598785, -71.38773407438488
41.83690713449284, -71.38999793872414
41.83648789946272, -71.38789110543733
41.83624415690369, -71.38982782175067
41.83643915102516, -71.39159442109053
41.83675114038383, -71.38997176688206
41.83615640935518, -71.38978856398755
41.83666339353044, -71.39260203714635
41.83568842039803, -71.39227488912044
41.835542173147104, -71.39303387254053
41.83640990194482, -71.39336102056645
41.83564942116377, -71.39557254122154
41.83509367949389, -71.39524539319564
41.835522673488406, -71.39303387254053
41.83494743088397, -71.39282449780396
41.83452818301681, -71.39491824516973
41.83510342938933, -71.39524539319564
41.83520092826208, -71.39641004016785
41.83597931185791, -71.396836407713
41.83603595653433, -71.39580581533336
41.83707443340057, -71.39633800653436
41.83588245025509, -71.39804471401571
41.83507617687018, -71.39806635710445
41.835027800144076, -71.39776335386206
41.83393125121163, -71.39772006768457
41.835705070981895, -71.40159418056952
41.83486654412634, -71.40144267894833
41.83296369243467, -71.40126953423838
41.833340662635, -71.40128440011641
41.83158586666431, -71.39976729812288
41.83209185571441, -71.39827909331021
41.83289927676594, -71.39631408501384
41.833297600733, -71.39536047804648
41.83353444083557, -71.39430573094623
41.830853790255226, -71.399825092624
41.83011093952488, -71.3997384010815
41.829249652524354, -71.39960836376778
41.82873500559671, -71.3995516161108
41.829372132809006, -71.39823240228948
41.82840733770415, -71.39752393560764
41.830892110691664, -71.39923402759825
41.831574723745334, -71.39980812990939
41.83239384983464, -71.3973162814612
41.83291262424823, -71.39630244120963
41.83332218002585, -71.39536189061478
41.83332218002585, -71.39536189061478
41.833231167869755, -71.39225929498024
41.83263048431165, -71.3920516409528
41.83293082679535, -71.39039040873334
41.8347601551693, -71.39361515374478
41.83491487208284, -71.39280896752062
41.83506958862239, -71.3919783514109
41.83523340572722, -71.39117216518676
41.835388121496756, -71.39037819390539
41.822044472374365, -71.40316796681584
41.821532088105464, -71.40436326129894
41.82269085898792, -71.40537873271822
41.82281698244437, -71.40390841472572
41.82349489176656, -71.40462770698105
41.82318746866102, -71.40582300146414
41.823479126515025, -71.4045853956719
