41.846822, -71.405123
41.846495, -71.400779
41.846778, -71.398316
41.846839, -71.397959
41.846911, -71.396065
41.846972, -71.394774
41.846573, -71.391288
41.846328, -71.390163
41.845817, -71.389202
41.845837, -71.389215
41.845643, -71.388200
41.845561, -71.387239
41.845560, -71.386747
41.846226, -71.387219
41.846280, -71.386735
41.845785, -71.383255
41.845857, -71.382675
41.846532, -71.382167
41.846856, -71.380657
41.846316, -71.381382
41.845641, -71.381684
41.845614, -71.381769
41.845461, -71.383219
41.845191, -71.381865
41.845236, -71.380886
41.844849, -71.381938
41.844723, -71.382361
41.844543, -71.382155
41.844048, -71.380669
41.843886, -71.381382
41.844012, -71.381599
41.844048, -71.382312
41.843769, -71.380560
41.843205, -71.380299
41.844059, -71.379288
41.843963, -71.379087
41.843344, -71.378980
41.842703, -71.378593
41.841726, -71.379711
41.842212, -71.381725
41.842949, -71.381775
41.842655, -71.381359
41.842698, -71.380965
41.842938, -71.380951
41.843163, -71.381531
41.843600, -71.381330
41.843354, -71.382489
41.843565, -71.383433
41.843899, -71.382762
41.843701, -71.382453
41.843818, -71.383706
41.844410, -71.383633
41.845367, -71.386689
41.845582, -71.385860
41.846003, -71.385018
41.844178, -71.384541
41.844019, -71.385345
41.843246, -71.385640
41.843144, -71.386145
41.843144, -71.386186
41.843002, -71.384671
41.842951, -71.384288
41.841384, -71.383838
41.841283, -71.384343
41.842513, -71.384725
41.841812, -71.384480
41.841140, -71.384288
41.839787, -71.384029
41.839162, -71.383827
41.838503, -71.383653
41.838644, -71.382413
41.838306, -71.384976
41.838983, -71.385108
41.839649, -71.385290
41.840338, -71.385456
41.840954, -71.385629
41.841687, -71.385778
41.842354, -71.385932
41.846304, -71.405358
41.846178, -71.403745
41.845817, -71.405615
41.845712, -71.404137
41.845327, -71.404113
41.845694, -71.403808
41.845511, -71.401414
41.845514, -71.401466
41.844868, -71.401900
41.844448, -71.402029
41.843985, -71.402158
41.843041, -71.402498
41.842149, -71.402897
41.842350, -71.403449
41.842219, -71.404810
41.842018, -71.407802
41.842735, -71.407415
41.843504, -71.406957
41.844028, -71.406687
41.844955, -71.406171
41.845287, -71.405960
41.845221, -71.404478
41.844888, -71.404452
41.843945, -71.405743
41.844317, -71.405615
41.844307, -71.403877
41.844317, -71.403020
41.843898, -71.404657
41.844098, -71.404618
41.843393, -71.404720
41.842869, -71.404733
41.842926, -71.404017
41.842993, -71.403404
41.841593, -71.400864
41.840927, -71.401172
41.841409, -71.400263
41.841019, -71.398983
41.841949, -71.398521
41.842844, -71.398066
41.843394, -71.397793
41.843748, -71.397639
41.843882, -71.397562
41.844627, -71.397226
41.845262, -71.396892
41.845936, -71.396573
41.846520, -71.396294
41.846452, -71.398445
41.846452, -71.398445
41.845424, -71.398976
41.845187, -71.399047
41.844897, -71.398198
41.844778, -71.399224
41.844278, -71.399471
41.843988, -71.398605
41.844161, -71.399594
41.843812, -71.399746
41.843404, -71.399970
41.843156, -71.399138
41.842522, -71.400470
41.842302, -71.399804
41.840823, -71.398160
41.840576, -71.397410
41.840921, -71.397278
41.841086, -71.396152
41.841201, -71.395468
41.841201, -71.394453
41.841300, -71.392555
41.843091, -71.392732
41.843322, -71.392643
41.844045, -71.392335
41.844703, -71.392092
41.845360, -71.391849
41.845935, -71.391540
41.846527, -71.394850
41.846182, -71.395027
41.845968, -71.395071
41.845508, -71.395292
41.844834, -71.395689
41.844226, -71.395998
41.844029, -71.395137
41.843765, -71.394409
41.843371, -71.394585
41.842516, -71.395976
41.841678, -71.395954
41.843585, -71.396373
41.843075, -71.396594
41.842533, -71.396902
41.842056, -71.396880
41.841546, -71.396969
41.841694, -71.397631
41.840383, -71.392562
41.839777, -71.392494
41.839006, -71.392345
41.838378, -71.392170
41.837815, -71.392025
41.836993, -71.391764
41.836468, -71.391603
41.835840, -71.391383
41.835248, -71.391150
41.834156, -71.390828
41.834361, -71.390035
41.834516, -71.389276
41.834696, -71.388311
41.834836, -71.387344
41.835076, -71.386471
41.835162, -71.385552
41.835350, -71.384656
41.836446, -71.385000
41.838232, -71.385449
41.838884, -71.385629
41.839575, -71.385758
41.840257, -71.385983
41.840950, -71.386109
41.841605, -71.386317
41.842296, -71.386463
41.843077, -71.386615
41.845556, -71.390108
41.845083, -71.390087
41.844957, -71.389199
41.844777, -71.389215
41.844835, -71.388041
41.844363, -71.390110
41.844489, -71.391098
41.843903, -71.391361
41.843627, -71.391530
41.843742, -71.390264
41.842914, -71.390249
41.842868, -71.390882
41.844179, -71.389230
41.844305, -71.387918
41.844133, -71.388180
41.844121, -71.389199
41.843500, -71.389230
41.843477, -71.388319
41.842833, -71.389245
41.842856, -71.388319
41.843075, -71.388288
41.842833, -71.387918
41.842778, -71.387563
41.842140, -71.387331
41.841478, -71.387199
41.840783, -71.387032
41.840126, -71.386897
41.839460, -71.386732
41.838781, -71.386558
41.838097, -71.386371
41.836273, -71.385935
41.837977, -71.387273
41.836132, -71.386816
41.842302, -71.389199
41.841822, -71.389113
41.841982, -71.388340
41.842099, -71.388183
41.841928, -71.388054
41.841544, -71.389142
41.841203, -71.388999
41.841544, -71.389099
41.841224, -71.388984
41.840606, -71.388884
41.839923, -71.388727
41.839187, -71.388512
41.838485, -71.388383
41.837846, -71.388164
41.837188, -71.388000
41.836515, -71.387871
41.835904, -71.387737
41.835376, -71.390461
41.835560, -71.389605
41.835755, -71.388662
41.836187, -71.389823
41.836727, -71.389953
41.836900, -71.389997
41.837538, -71.390185
41.838186, -71.390229
41.837971, -71.391177
41.838918, -71.390533
41.839075, -71.391313
41.839057, -71.389729
41.839748, -71.389877
41.840492, -71.390025
41.840818, -71.390036
41.841010, -71.389947
41.840985, -71.390205
41.839907, -71.390799
41.839765, -71.391696
41.840868, -71.392032
41.841359, -71.391196
41.841414, -71.390306
41.842247, -71.390382
41.842474, -71.390370
41.841402, -71.408267
41.840361, -71.408630
41.839251, -71.409056
41.838390, -71.409228
41.838430, -71.408010
41.838599, -71.406295
41.838609, -71.405628
41.838662, -71.405458
41.838810, -71.404210
41.839740, -71.404026
41.840754, -71.403601
41.841197, -71.403360
41.841345, -71.403317
41.841492, -71.404861
41.841204, -71.404830
41.840648, -71.404771
41.840542, -71.405489
41.840489, -71.406250
41.840382, -71.406948
41.840319, -71.407489
41.840668, -71.407573
41.839916, -71.407501
41.840722, -71.407020
41.840812, -71.406310
41.841018, -71.406346
41.840866, -71.405552
41.839688, -71.404557
41.839643, -71.405003
41.839292, -71.404943
41.839607, -71.405280
41.839553, -71.405714
41.839247, -71.405666
41.839526, -71.406052
41.839427, -71.406703
41.839867, -71.406800
41.839831, -71.407174
41.839382, -71.407065
41.839005, -71.406969
41.839328, -71.407753
41.838852, -71.407680
41.838987, -71.406812
41.839014, -71.406414
41.839077, -71.406112
41.839035, -71.404615
41.838905, -71.404603
41.838795, -71.401596
41.838795, -71.400101
41.839730, -71.399667
41.840394, -71.399281
41.840941, -71.401228
41.840975, -71.402381
41.840769, -71.401489
41.840471, -71.402397
41.840414, -71.401428
41.839761, -71.401704
41.835237, -71.409847
41.835237, -71.408475
41.835351, -71.407837
41.835340, -71.407546
41.835474, -71.406534
41.835536, -71.406313
41.835619, -71.405453
41.836146, -71.405398
41.836610, -71.404483
41.838214, -71.405560
41.837983, -71.407831
41.838019, -71.407305
41.838152, -71.405727
41.837716, -71.405309
41.837734, -71.405129
41.837662, -71.405655
41.837466, -71.407137
41.837315, -71.406683
41.836986, -71.406480
41.836950, -71.405548
41.837128, -71.404842
41.836994, -71.404950
41.836986, -71.405189
41.837908, -71.407541
41.836490, -71.407262
41.836684, -71.406692
41.835780, -71.407611
41.835713, -71.407879
41.836128, -71.406430
41.836145, -71.405717
41.835979, -71.405650
41.835863, -71.406386
41.835730, -71.401596
41.836562, -71.401197
41.837869, -71.400575
41.838273, -71.400352
41.838321, -71.401564
41.837917, -71.402968
41.837952, -71.401724
41.837299, -71.403000
41.837198, -71.401746
41.837033, -71.403374
41.838440, -71.404247
41.836605, -71.403398
41.835351, -71.401577
41.834932, -71.401475
41.833392, -71.401321
41.833049, -71.401041
41.831571, -71.399773
41.832078, -71.398288
41.832392, -71.397331
41.832919, -71.396353
41.833344, -71.395320
41.833506, -71.394342
41.833709, -71.393255
41.833871, -71.392494
41.833992, -71.391651
41.839760, -71.398683
41.839746, -71.397715
41.839479, -71.397751
41.839325, -71.397839
41.838818, -71.397877
41.838340, -71.397877
41.838056, -71.397877
41.837795, -71.397923
41.837863, -71.399800
41.837840, -71.398915
41.836987, -71.397953
41.835907, -71.398025
41.835899, -71.398924
41.835836, -71.399890
41.836619, -71.400252
41.835081, -71.398042
41.835035, -71.397785
41.833928, -71.397737
41.833226, -71.399943
41.832893, -71.398455
41.833032, -71.399794
41.833212, -71.396670
41.835227, -71.396394
41.834531, -71.394905
41.835053, -71.395226
41.835282, -71.395372
41.835662, -71.395577
41.836054, -71.395810
41.835989, -71.396862
41.834759, -71.393588
41.834946, -71.392805
41.835508, -71.393029
41.836403, -71.393378
41.837465, -71.393755
41.837409, -71.394580
41.836829, -71.394697
41.836434, -71.395992
41.837051, -71.396355
41.837089, -71.396920
41.838053, -71.397084
41.838249, -71.393953
41.838968, -71.394192
41.839561, -71.394460
41.839693, -71.395104
41.840244, -71.395329
41.839717, -71.394283
41.840328, -71.394331
41.836671, -71.392556
41.835701, -71.392292
41.835069, -71.391990
41.838326, -71.384981
41.838452, -71.383635
41.838632, -71.382430
41.837734, -71.384797
41.837882, -71.383550
41.836542, -71.384542
41.836721, -71.383252
41.837376, -71.383380
41.837270, -71.384230
41.837756, -71.383479
41.837903, -71.382586
41.837840, -71.381580
41.838484, -71.381254
41.838389, -71.379894
41.836996, -71.379894
41.836003, -71.379384
41.835771, -71.380546
41.836531, -71.380744
41.837259, -71.380702
41.837851, -71.380773
41.835011, -71.382629
41.836521, -71.384498
41.835471, -71.384157
41.834216, -71.383763
41.834278, -71.383433
41.833828, -71.383604

